1,8782.41155076027,NA
5,1565.878499031067,NA
9,676.5494391918182,NA
13,463.14609956741333,NA
17,437.7302348613739,NA
21,303.1956272125244,NA
25,379.2511987686157,NA
29,441.36643958091736,NA
33,368.4999873638153,NA
37,345.3452706336975,NA
41,353.38726830482483,NA
45,328.75172543525696,NA
49,285.4163558483124,NA
53,216.36881232261658,NA
57,249.64609575271606,NA
61,472.6187059879303,NA
65,263.22291350364685,NA
69,217.71839046478271,NA
73,162.9472095966339,NA
77,198.65569853782654,NA
81,175.8609266281128,NA
85,129.77808785438538,NA
89,134.70827627182007,NA
93,153.14250683784485,NA
97,143.54591369628906,NA
101,156.25763320922852,NA
105,191.91547513008118,NA
109,196.80171132087708,NA
113,243.91950297355652,NA
117,437.3193323612213,NA
121,220.8256061077118,NA
125,269.0345211029053,NA
129,362.55966687202454,NA
133,156.856107711792,NA
137,174.67800307273865,NA
141,182.1167631149292,NA
145,159.39159035682678,NA
149,232.79576635360718,NA
153,197.47445845603943,NA
157,200.701566696167,NA
161,336.39464020729065,NA
165,375.74033761024475,NA
169,203.45765781402588,NA
173,227.4751331806183,NA
177,287.13147711753845,NA
181,246.72207045555115,NA
185,243.5626678466797,NA
189,210.73039150238037,NA
193,310.1218981742859,NA
197,426.1248972415924,NA
201,254.14713191986084,NA
205,278.30362248420715,NA
209,324.8273913860321,NA
213,294.02210903167725,NA
217,190.7776277065277,NA
221,180.0382115840912,NA
225,190.68931579589844,NA
229,190.09807777404785,NA
233,200.39392518997192,NA
237,221.24253630638123,NA
241,216.71760392189026,NA
245,197.21362447738647,NA
249,181.79598307609558,NA
253,196.75476121902466,NA
257,196.26783919334412,NA
261,191.49741339683533,NA
265,204.79764199256897,NA
269,199.9907989501953,NA
273,200.88928270339966,NA
277,197.8892900943756,NA
281,217.840669631958,NA
285,284.92912220954895,NA
289,299.64800357818604,NA
293,192.35185265541077,NA
297,187.1670560836792,NA
301,186.48012938688868
305,183.86376207199805
309,187.69720155537564
313,184.1709443026208
317,182.72527682857972
321,183.90644712591995
325,185.24042504791296
329,190.19004760277258
333,192.97168082376172
337,183.76085619471954
341,182.0212750280827
345,184.5386524966431
349,181.15149534123617
353,191.1959816448432
357,188.77258735481348
361,189.3050139525192
365,184.77905285640395
369,181.70764969555728
373,186.18988854982214
377,181.60314594275633
381,187.04680883227863
385,184.6194666079566
389,191.5015275106699
393,188.56349099149858
397,187.44088866865008
401,182.02918292742746
405,192.52295602419147
409,186.78071101590245
413,181.39124009364005
417,181.71208338478525
421,184.77724271534956
425,189.63802079305802
429,187.6014359267849
433,192.9449229743667
437,181.30101897340248
441,189.96116344277974
445,185.2568057703102
449,184.87656304224913
453,184.31576009330755
457,190.7600031418493
461,190.55401877985844
465,187.17653787448634
469,188.6862716981986
473,192.6501558271261
477,191.49856150651678
481,183.9461059606924
485,189.74483836401174
489,189.7726853579165
493,187.64137567940782
497,189.03589248537273
501,182.88700797566528
505,190.34759926327996
509,190.0313134420123
513,183.7863445125524
517,187.25869544406171
521,184.79483000841208
525,191.13759610083102
529,182.77368732646835
533,189.87283307788516
537,192.57437602447519
541,192.3553336731529
545,192.60371593803526
549,185.85955260685301
553,184.55710450934708
557,192.3450516285735
561,187.0568459982631
565,183.83695992173776
569,186.368744940662
573,181.88857443642777
577,185.56212403857228
581,186.28605781328693
585,191.74898008051625
589,192.83251053614265
593,186.79708526047756
597,182.8845714300697
601,186.01568239986858
605,187.95311760638555
609,187.54705785003094
613,184.60392739277705
617,183.2900746896055
621,187.28105222800852
625,186.42004421687378
629,183.233989831368
633,188.39236222503388
637,187.16253810606105
641,184.82419742463148
645,186.04490876839657
649,189.15938778342772
653,181.07339515965091
657,184.58731224542197
661,186.92091421530185
665,187.4762393672909
669,186.6444252965098
673,185.2516177297886
677,189.5448224082845
681,185.07276822251455
685,189.5342037506349
689,189.59915056383716
693,181.23884472413397
697,191.90867727429412
701,185.1239884370059
705,186.02546628725872
709,190.681378172807
713,187.67791865999874
717,185.40792767215618
721,182.24831533344715
725,186.27766977973937
729,190.70167424406836
733,182.5821122562859
737,183.6398883608111
741,184.06732751690123
745,183.6070974983739
749,183.40312099108064
753,181.44070982725674
757,189.17096653138253
761,192.19409338114744
765,186.4543271901454
769,184.58808214828917
773,191.8242238840815
777,192.1118964008563
781,190.41694696449858
785,182.25439810072567
789,191.37212033517793
793,188.26918979164537
797,187.9922257011897
