34.54729866981506
13.337217092514038
10.496918678283691
9.223170757293701
7.474115610122681
5.490945339202881
7.549941778182983
4.691067695617676
5.164480924606323
3.8777873516082764
6.053730726242065
5.726393938064575
4.83836555480957
5.003342151641846
4.742956161499023
4.104707479476929
4.424890518188477
5.09466290473938
7.5807390213012695
3.0476465225219727
3.3519070148468018
2.718764543533325
4.1125218868255615
2.879394054412842
1.969787359237671
0.11626100540161133
0.11706876754760742
0.12952804565429688
0.14456486701965332
0.15308165550231934
0.16042590141296387
2.0330731868743896
0.1488795280456543
0.1365976333618164
0.14629840850830078
0.14986085891723633
0.1610245704650879
0.1597909927368164
2.4289684295654297
86.09483170509338
