21.656418085098267
12.559558153152466
8.674352407455444
10.902604818344116
15.494372129440308
13.812153100967407
9.398760557174683
9.740978717803955
7.316617727279663
8.529043436050415
10.446981191635132
11.776591062545776
15.1746346950531
7.226358890533447
4.676093578338623
5.3112406730651855
4.160254240036011
5.918858766555786
12.588528156280518
10.918755769729614
10.99479055404663
10.439071655273438
7.645045042037964
11.959907054901123
0.061250925064086914
0.06691241264343262
0.07256865501403809
0.0669858455657959
0.08681368827819824
0.0901176929473877
0.08041906356811523
0.08118104934692383
0.07703995704650879
0.09174442291259766
0.0865027904510498
0.09347367286682129
0.09798312187194824
0.09320497512817383
0.11140179634094238
0.11877965927124023
0.08858489990234375
0.09748363494873047
0.10835099220275879
0.11390089988708496
0.11739468574523926
0.11989092826843262
0.08605170249938965
0.10228538513183594
0.10628724098205566
0.11298608779907227
0.09270000457763672
0.08672571182250977
0.08394742012023926
0.106536865234375
0.09020709991455078
0.10350275039672852
0.15441632270812988
0.13345932960510254
0.11236286163330078
0.13051700592041016
0.10860824584960938
0.14071130752563477
0.09963655471801758
0.09031820297241211
0.0957028865814209
0.1519918441772461
0.10403704643249512
0.10635805130004883
0.10652017593383789
0.13045763969421387
0.11072444915771484
0.11037778854370117
0.1528315544128418
0.1051182746887207
0.1013333797454834
0.17591357231140137
0.11645841598510742
0.1594545841217041
0.11720132827758789
