42.35279107093811
26.952305555343628
18.126509189605713
12.866608142852783
12.050209999084473
8.399715423583984
8.964174032211304
8.860595226287842
7.387411832809448
6.56115984916687
8.822131633758545
19.116434335708618
19.205759286880493
7.537822484970093
11.113142490386963
9.773001432418823
10.019075155258179
9.499415159225464
9.282555341720581
7.583600044250488
6.6548731327056885
8.441075801849365
18.095064878463745
13.47516655921936
11.29679799079895
4.259745121002197
10.466097354888916
10.72025203704834
7.420607328414917
6.057736158370972
5.063406229019165
3.319986581802368
9.768641233444214
7.123473644256592
6.883341312408447
6.238182544708252
12.633754014968872
8.274428844451904
4.217484474182129
3.839354991912842
6.82762885093689
3.1840083599090576
11.805513620376587
5.581057786941528
2.3223443031311035
5.616720676422119
5.835038423538208
5.947441101074219
2.7785587310791016
0.17495322227478027
0.14436984062194824
0.13836073875427246
0.9402477741241455
0.13023138046264648
0.12673687934875488
0.12827348709106445
0.1651010513305664
0.16443681716918945
1.8322868347167969
0.1608583927154541
0.14697599411010742
1.2422688007354736
0.18759560585021973
1.983773946762085
0.18638205528259277
1.2618823051452637
0.16197490692138672
0.1698751449584961
0.13637852668762207
0.17493343353271484
1.6670985221862793
0.18435239791870117
0.16240286827087402
0.9844071865081787
0.1661832332611084
0.17689037322998047
1.0478732585906982
0.2431962490081787
0.16524481773376465
