45.129070520401
28.9082453250885
17.970898628234863
14.805737733840942
11.175392866134644
11.398854970932007
7.795519590377808
6.429324626922607
6.584299802780151
7.585451126098633
49.51791763305664
15.180181980133057
10.546857118606567
11.568655490875244
9.67299222946167
10.310936689376831
7.520046710968018
16.371534824371338
20.22928237915039
7.290773391723633
11.147294998168945
8.374346017837524
4.880777359008789
5.453383445739746
8.17741847038269
9.769598484039307
8.94690465927124
4.619281530380249
6.075624465942383
3.3741278648376465
4.324840784072876
10.78854775428772
11.170557498931885
10.602547407150269
6.141010284423828
13.344951629638672
4.183405637741089
3.6187527179718018
4.060594797134399
6.370073318481445
5.1641294956207275
8.947160959243774
3.3683478832244873
3.1187355518341064
4.985936641693115
2.8762569427490234
0.11625909805297852
0.14422941207885742
0.1322154998779297
0.12096428871154785
0.1083536148071289
0.13765621185302734
0.12808632850646973
0.1435074806213379
0.12289905548095703
0.1382749080657959
0.1982436180114746
1.3489930629730225
0.16016316413879395
0.13920378684997559
0.14862775802612305
0.14017653465270996
0.12698078155517578
0.13942193984985352
0.16937255859375
0.14597010612487793
0.17106938362121582
0.14985370635986328
0.13318657875061035
0.1441798210144043
0.18056130409240723
4.330981254577637
1.05483078956604
1.521092176437378
0.20250415802001953
0.18711209297180176
