47.6770293712616
23.797316312789917
23.35630750656128
14.106834173202515
10.096827268600464
8.287347078323364
8.504733085632324
8.181864023208618
9.463149547576904
7.286646604537964
7.638693809509277
16.938817024230957
19.06054711341858
12.683345317840576
12.383202075958252
8.19347071647644
5.808261871337891
11.998337507247925
10.855962753295898
11.588684558868408
8.991039991378784
7.618042707443237
28.707773685455322
9.697946786880493
12.035331726074219
11.910197019577026
6.592255115509033
7.6691553592681885
12.503252506256104
6.403580665588379
6.411840915679932
7.0266218185424805
5.028500556945801
5.206516981124878
12.717310190200806
11.163135051727295
7.189095497131348
9.7068510055542
14.439465284347534
4.860227584838867
6.210895776748657
4.179238796234131
6.4043707847595215
5.2990312576293945
2.8654086589813232
5.367847919464111
4.919031143188477
2.057018518447876
2.037140369415283
0.13489222526550293
0.13076162338256836
0.12056422233581543
0.11819124221801758
0.12151932716369629
0.12178897857666016
0.12733769416809082
0.14220285415649414
0.14354586601257324
0.14268279075622559
0.1396012306213379
0.1485452651977539
0.15085673332214355
0.1490933895111084
0.14266180992126465
2.108074903488159
0.1580674648284912
0.15555858612060547
0.159043550491333
0.168562650680542
0.19664382934570312
0.20855259895324707
0.19626092910766602
0.16194915771484375
0.17137861251831055
0.14308857917785645
0.15909028053283691
1.417450189590454
2.5625221729278564
0.20697665214538574
