23.472280263900757
13.854527473449707
8.662935495376587
6.402513265609741
6.867888927459717
5.906640529632568
6.918304204940796
3.763901948928833
3.0088987350463867
3.7396867275238037
3.4532997608184814
3.463693857192993
3.629728317260742
8.213529586791992
7.848429203033447
10.387491941452026
9.429679155349731
11.767719745635986
6.091169834136963
2.6719374656677246
2.683119297027588
5.147320508956909
6.020395517349243
3.6172828674316406
0.09402608871459961
0.10318827629089355
0.08418726921081543
0.09967827796936035
0.11120176315307617
0.10202598571777344
0.10977840423583984
0.10017085075378418
0.15729951858520508
0.0987701416015625
0.13836956024169922
0.1159355640411377
0.14037537574768066
0.1038672924041748
0.12332367897033691
0.13866853713989258
0.12706875801086426
0.15423250198364258
0.18329739570617676
0.15524983406066895
0.13226795196533203
0.14726471900939941
0.19536209106445312
0.7620596885681152
0.9383795261383057
0.135329008102417
0.1381824016571045
0.3529958724975586
1.852294921875
0.14921879768371582
0.13958334922790527
0.14169883728027344
0.13889217376708984
0.1275317668914795
0.17067170143127441
0.20623183250427246
0.19746708869934082
0.2027149200439453
0.24762606620788574
0.1775674819946289
0.20094013214111328
0.2295992374420166
0.22919893264770508
0.1936042308807373
0.1653733253479004
0.17311644554138184
0.16188883781433105
0.18523955345153809
0.22759199142456055
0.19510817527770996
0.2198178768157959
0.23363113403320312
0.2541625499725342
0.2029891014099121
0.2011110782623291
