45.80964994430542
26.60025715827942
19.75513005256653
15.625252723693848
9.239409685134888
10.618695259094238
7.416912078857422
7.370038270950317
6.765965461730957
8.996656894683838
18.660016775131226
16.186537265777588
20.56105399131775
15.572402954101562
6.5338311195373535
11.184021234512329
11.942060947418213
5.596422910690308
5.204475402832031
13.112601280212402
17.57399272918701
14.423768281936646
25.280709743499756
10.859046220779419
13.971049547195435
4.5907142162323
11.667577743530273
6.936798095703125
4.670523643493652
13.626451015472412
11.031587600708008
12.189249038696289
19.137889623641968
4.8138267993927
3.324639320373535
10.060662508010864
6.592647552490234
7.851148843765259
2.6808173656463623
3.916377544403076
3.917778730392456
2.7792763710021973
3.7409002780914307
3.4668450355529785
2.542179584503174
11.181715488433838
5.169249534606934
5.162539958953857
4.5041399002075195
0.7596628665924072
0.6056337356567383
0.13724708557128906
0.13691091537475586
0.1461949348449707
0.14029455184936523
0.1486823558807373
0.15110301971435547
0.13863277435302734
0.151930570602417
0.15363144874572754
0.17194294929504395
0.16593384742736816
0.1641252040863037
0.1684856414794922
0.16221404075622559
0.1587085723876953
0.15888547897338867
0.1907649040222168
0.1723792552947998
0.15067362785339355
1.0181069374084473
0.1606144905090332
0.1719062328338623
0.1415553092956543
0.1556415557861328
0.19597768783569336
1.8531391620635986
1.0685548782348633
0.15167570114135742
