4,1205.7776970863342,NA
8,650.9769368171692,NA
12,397.7188403606415,NA
16,382.4192843437195,NA
20,271.02331161499023,NA
24,268.11333084106445,NA
28,219.7534601688385,NA
32,180.375718832016,NA
36,168.96690034866333,NA
40,170.2026219367981,NA
44,149.11785984039307,NA
48,150.93198156356812,NA
52,191.44783425331116,NA
56,134.87913703918457,NA
60,132.7418351173401,NA
64,98.49144697189331,NA
68,82.96226930618286,NA
72,89.70286297798157,NA
76,86.26027488708496,NA
80,104.42495465278625,NA
84,99.25211596488953,NA
88,90.50051617622375,NA
92,104.24040341377258,NA
96,111.90010213851929,NA
100,91.00812292098999,NA
104,94.38790917396545,NA
108,105.25914096832275,NA
112,115.18208289146423,NA
116,100.22931289672852,NA
120,110.28387141227722,NA
124,118.22068929672241,NA
128,120.81713271141052,NA
132,94.54292821884155,NA
136,71.58169150352478,NA
140,129.4741473197937,NA
144,104.45757579803467,NA
148,129.6562762260437,NA
152,140.1042149066925,NA
156,101.8636953830719,NA
160,147.10041308403015,NA
164,135.21028232574463,NA
168,169.80280709266663,NA
172,157.15075159072876,NA
176,149.70717430114746,NA
180,195.65451836585999,NA
184,126.59185528755188,NA
188,104.78559756278992,NA
192,101.55875301361084,NA
196,115.47760725021362,NA
200,104.851247549057,NA
204,113.23178839683533,NA
208,139.641028881073,NA
212,201.5438690185547,NA
216,95.17420434951782,NA
220,126.27412390708923,NA
224,132.31823301315308,NA
228,116.31047534942627,NA
232,144.98024892807007,NA
236,148.56209444999695,NA
240,131.2006824016571,NA
244,76.12487459182739,NA
248,130.9364535808563,NA
252,164.80462431907654,NA
256,147.8256471157074,NA
260,151.96337628364563,NA
264,132.346928358078,NA
268,169.32816982269287,NA
272,145.2328553199768,NA
276,139.76105403900146,NA
280,119.39419507980347,NA
284,111.79044270515442,NA
288,108.33416557312012,NA
292,132.20484042167664,NA
296,144.09104180335999,NA
300,178.53882694244385,NA
304,144.80603003501892,NA
308,119.55702900886536,NA
312,111.9354178905487,NA
316,110.77043771743774,NA
320,106.1670093536377,NA
324,128.49942278862,NA
328,180.4328489303589,NA
332,148.19504714012146,NA
336,164.10781049728394,NA
340,116.00273752212524,NA
344,140.4179766178131,NA
348,149.29474878311157,NA
352,140.21982264518738,NA
356,249.53644061088562,NA
360,145.66053533554077,NA
364,170.5021572113037,NA
368,158.11831283569336,NA
372,178.4741177558899,NA
376,132.3357493877411,NA
380,131.86948251724243,NA
384,148.73367738723755,NA
388,137.66365790367126,NA
392,124.86562991142273,NA
396,104.49537968635559,NA
401,122.95096622881836
405,155.01876305285958
409,153.74422862403986
413,151.14195545318677
417,136.72565618766453
421,159.89216944327066
425,139.98968253758537
429,155.3251703407792
433,141.13855767081967
437,131.81825273564758
441,121.33063826342108
445,153.58693737461346
449,141.85102496062123
453,142.63804939279788
457,135.24548985428902
461,125.62237359265283
465,150.79196707647253
469,159.17123737569932
473,132.19569358848793
477,149.04566224694594
481,134.28535993141014
485,153.98697021490426
489,143.5304295794712
493,124.35076547743694
497,156.79058321638178
501,125.1978875828598
505,144.28390415193275
509,122.71526844052917
513,130.50823715863763
517,135.11391797692318
521,121.80418705127522
525,155.3916464783739
529,157.68263462290827
533,135.23867717695998
537,141.04152857805752
541,142.9498292581807
545,140.63667435727652
549,124.00656858259424
553,142.51790985007526
557,155.53679364980485
561,157.02689332601537
565,127.32147110545154
569,139.46132475354986
573,151.34448087887628
577,137.0949949762147
581,153.58870262767118
585,142.3491333047463
589,135.79922197770006
593,141.05525778391782
597,149.42293906154703
601,144.82428617139914
605,130.40805828461913
609,153.8363687416695
613,126.28545307219044
617,122.88555668877287
621,150.2169310542145
625,145.11879846247177
629,135.3376335374409
633,157.69625157963338
637,124.30299042114108
641,157.0508523993032
645,151.68254267391973
649,146.5710040223133
653,131.00251820082357
657,128.1925504660149
661,150.1738357505278
665,120.57290727531418
669,122.17972795069224
673,132.24986505281402
677,157.9737517075749
681,142.95394417043892
685,159.36038539170988
689,132.2930310164697
693,148.95894998802405
697,126.9908964419198
701,131.72181633314108
705,138.04672744732713
709,143.41032165900108
713,133.99715703506175
717,158.72039424819332
721,130.53122808617357
725,123.32109856281014
729,136.30153050832132
733,144.5444059792558
737,137.48888511604997
741,129.95593935395434
745,132.12203314850376
749,149.32774623393053
753,151.2462901657085
757,160.48823681864133
761,121.90764992351468
765,153.80476713466976
769,133.63498188705597
773,156.77315886062522
777,123.0481745362076
781,143.50525117805307
785,138.82154833965862
789,150.85399993678425
793,141.0136185768755
797,139.84603009119587
