1,496.77,NA
5,114.82,NA
9,54.47,NA
13,34.66,NA
17,28.06
21,26.52
25,20.61
29,17.32
33,18.26
37,15.42
41,15.08
45,15.23
49,13.60
53,14.54
57,17.04
61,16.22
65,14.61
69,13.87
73,12.78
77,12.78
81,12.82
85,11.48
89,12.61
93,10.58
97,9.91
101,12.089198859483398105
105,11.954640283505112
109,10.632490665565522
113,11.858120875971888
117,10.977299451726182
121,11.116227548454598
125,11.964515609553747
129,12.107135369504629
133,11.5704858524495
137,11.560239876384323
141,11.107605127362948
145,12.296857449101722
149,11.075317170272703
153,10.62172856755928
157,11.138295490246687
161,11.959863374426288
165,10.779028265373151
169,12.266051087644895
173,11.584772104445793
177,12.126404195922168
181,12.204731471039537
185,12.286466634480108
189,10.612576286204723
193,11.689057159514755
197,11.721154191718384
201,11.601203200976098
205,11.945196156918048
209,11.809149889780548
213,10.834162089807727
217,11.741985304910777
221,10.841602043615833
225,11.413967858781074
229,11.569117410104875
233,12.227221694116016
237,11.591452822544312
241,12.037385890837944
245,11.670486806842105
249,10.767061529614411
253,12.244128467283423
257,11.604047187726104
261,10.768432290341083
265,12.00078839833118
269,11.900907318676289
273,10.740193221305418
277,11.159122237200553
281,11.009727734807704
285,10.652813681855818
289,11.68476686345541
293,11.934477532104742
297,11.375811910976962
301,11.001227223516652
305,11.734100050511088
309,12.164595655816177
313,11.653158127006307
317,11.469228990295584
321,10.865536316123832
325,11.588458956153922
329,11.278268361483086
333,11.681865656624481
337,11.628437106769438
341,10.865690601767206
345,11.838381817712984
349,12.108877067485478
353,10.645870679163401
357,11.82229126320398
361,12.211662064597368
365,12.128367666663367
369,10.701301964946186
373,12.23943065717773
377,10.977009633939515
381,11.788309814746755
385,12.242030125751322
389,11.07341789295081
393,11.529283455510214
397,11.6424987089064
401,11.246639818798661
405,12.134897839119647
409,11.645408658446282
413,11.151583043462072
417,11.42854546479999
421,11.852149330184991
425,11.354090403847124
429,10.912309967914236
433,11.942502249475389
437,12.177605812583701
441,12.26196500552518
445,11.501179266533361
449,11.958849608378895
453,10.766784970497966
457,12.06714603493996
461,10.83009395529134
465,10.725329399251274
469,11.719166458944102
473,11.564188281486764
477,12.308658494734127
481,11.800416080409674
485,10.661188951032315
489,11.102312969514008
493,12.044675169559035
497,11.004881212050309
501,11.530080698272437
505,12.242291057510336
509,12.30677682060195
513,12.1111219136757
517,12.009731073972585
521,12.094424014461863
525,11.834715256991046
529,12.34640950258515
533,11.49433256575146
537,11.673535776521156
541,11.333471571809875
545,10.765094998710255
549,11.472339517542053
553,11.648870887260543
557,10.838901145400127
561,11.55805686591038
565,11.345524011399936
569,10.710355798927694
573,12.062585921560048
577,11.776469089685396
581,11.401598295875333
585,11.742007465675435
589,11.114662302699953
593,11.222530376564102
597,11.552252140754815
601,11.111473713934142
605,11.702772606841858
609,11.104761592928465
613,12.291776050208728
617,11.01509222080261
621,12.142891312964206
625,11.064397412405768
629,10.921916359756544
633,12.33341876075247
637,11.46689349375008
641,12.058142420772185
645,10.638686293210586
649,11.228769201532192
653,11.11755876931444
657,11.781737826562173
661,11.496909036928603
665,11.585475038646438
669,11.985902723368891
673,10.897145296361485
677,10.671078261182014
681,12.311823850264835
685,10.754565712779371
689,10.782245202677094
693,11.580019380615278
697,11.045603246031185
701,11.639490007714622
705,11.491830834213316
709,11.502391481442505
713,10.717267050548916
717,10.913748723779719
721,12.214394774570367
725,11.40231929873175
729,11.959130488855193
733,11.292198976618186
737,11.531281880824334
741,11.554539171793312
745,10.658631126943144
749,12.121533919978058
753,12.081815281369513
757,12.34072489567123
761,11.389847207875682
765,11.119699857743083
769,10.775027078495864
773,11.37478312322027
777,12.286144947379192
781,11.178195193667658
785,11.614293496489012
789,11.947754581699499
793,10.860046406516567
797,11.489381207269949
101,11.21042051060951
105,10.395893480234932
109,12.360467290246156
113,11.03919079507677
117,9.618821494677823
121,10.697626534272056
125,10.109265925014572
129,12.313974824323582
133,10.227232043160207
137,8.764241037185036
141,11.639734591150049
145,10.77116874976496
149,11.323882345083629
153,12.238084246936031
157,11.50553855706905
161,8.785487365627365
165,9.39498972698278
169,8.83629288595425
173,9.398923012398297
177,9.175094822056783
181,11.588148117117118
185,10.512728811061155
189,12.213502787290007
193,8.833651872261289
197,9.95869443843435
201,11.132337070802583
205,8.96561084136384
209,10.565488316017152
213,9.998753075474827
217,11.116375032726022
221,12.365640008322865
225,12.165403137924805
229,11.455072402844431
233,8.76196699044525
237,10.324803463110573
241,11.7265241063783
245,10.663226242677988
249,11.092380307616583
253,9.002089875237061
257,8.814584033135578
261,9.988692647913604
265,12.247035191914797
269,10.161265495203317
273,10.893094885731319
277,10.668067556555684
281,10.616073503665728
285,11.131869795431186
289,11.174235409671825
293,11.939843770778351
297,9.08879402745177
301,9.143493245488719
305,11.878044834375032
309,11.897060684698301
313,10.11035815857887
317,8.86583373391374
321,10.379947779553927
325,8.931518907407503
329,10.533358604915813
333,9.884852806848947
337,12.217253304825752
341,11.151947756825436
345,10.858664831167111
349,11.948643781122037
353,12.399286243295618
357,8.888114375724626
361,11.547489140746455
365,12.107496337311606
369,12.247828413477627
373,12.37523090134824
377,9.60911532704721
381,10.646272597071427
385,8.969427295725277
389,11.360047931913407
393,10.277028946938298
397,9.881899579637176
401,8.790074461590494
405,10.7296402089499
409,9.51396118722409
413,9.618127596974658
417,11.900148760302267
421,10.567119096343944
425,11.136916425383761
429,11.96799033354877
433,10.863698256541674
437,10.103656906588675
441,10.62459156815278
445,9.010376366673698
449,11.77446217479005
453,10.33978558708989
457,12.067628149616976
461,9.54144089905777
465,8.7716190081927
469,9.625715303636133
473,10.791421378966273
477,11.239357847829213
481,12.27935061630751
485,11.875470015980138
489,9.088880147928023
493,10.721669471655813
497,9.204847028736742
501,9.852277264896872
505,10.358349592633813
509,10.63608663803305
513,9.293667887637456
517,12.343390878350885
521,10.82307360423858
525,11.209796454748515
529,10.508138521286421
533,9.00845856101551
537,11.965136522996684
541,8.71770475320309
545,11.130779446021394
549,10.140508280977327
553,12.406461098916521
557,12.050731351054711
561,11.052017954698332
565,11.917440482453065
569,12.276035171390797
573,11.951746217729417
577,9.727315053288335
581,11.544347065754062
585,11.546948862378615
589,11.362955940268286
593,10.504551852725008
597,10.428262174634483
601,9.623257403600777
605,10.488440984663384
609,10.258201472543929
613,9.803578209098163
617,9.524411999143755
621,10.387604026303903
625,10.14516954349783
629,11.70863775607955
633,9.298008921223966
637,11.575967969766149
641,12.303109175869285
645,12.004219012600204
649,11.288692416602844
653,11.343244639714886
657,11.401925621092213
661,11.244694592005473
665,11.061973639505016
669,8.899206101884982
673,9.998850338296384
677,11.665406966057304
681,10.574116287306222
685,10.66348643456931
689,11.880492949473384
693,10.343108820608826
697,11.648366456790983
701,11.128954270341616
705,9.71247912324115
709,9.69335252752264
713,10.605016009797499
717,9.53371351944204
721,10.54554570439944
725,12.00543628026058
729,9.958429732878104
733,11.049619260321808
737,8.969018419647622
741,9.461478738083136
745,11.185145808267961
749,11.364636267822451
753,11.672708935998775
757,11.035432214715646
761,12.071408954987582
765,10.204261733856839
769,8.788190087125368
773,10.574010057392483
777,12.176037299643067
781,11.460474892653144
785,9.48060129593896
789,11.774698509508484
793,10.081731903915186
797,9.62759793211035
