1,451.52303171157837,NA
5,87.79843616485596,NA
9,49.113677978515625,NA
13,33.925039291381836,NA
17,26.991910696029663,NA
21,21.225149869918823,NA
25,17.091342210769653,NA
29,16.618651866912842,NA
33,16.008832693099976,NA
37,15.467605113983154,NA
41,15.697298526763916,NA
45,15.312735080718994,NA
49,15.493348360061646,NA
53,19.218543767929077,NA
57,18.65431308746338,NA
61,17.32466149330139,NA
65,17.562466859817505,NA
69,19.023386240005493,NA
73,22.57796883583069,NA
77,21.3571298122406,NA
81,23.692410469055176,NA
85,20.25310516357422,NA
89,20.513118267059326,NA
93,28.245553255081177,NA
97,19.611974000930786,NA
101,21.35778498649597,NA
105,29.721327781677246,NA
109,25.736276626586914,NA
113,24.608403205871582,NA
117,28.4674615859985,NA
121,30.54313731193542,NA
125,34.06773018836975,NA
129,27.06941866874695,NA
133,31.392024993896484,NA
137,32.04856634140015,NA
141,31.83869767189026,NA
145,37.28437829017639,NA
149,29.460927486419678,NA
153,37.43592715263367,NA
157,36.10567307472229,NA
161,34.76350498199463,NA
165,36.00691628456116,NA
169,40.83006167411804,NA
173,24.588330268859863,NA
177,35.747220277786255,NA
181,39.55210733413696,NA
185,35.165441036224365,NA
189,40.79008674621582,NA
193,38.79280471801758,NA
197,35.44120526313782,NA
201,41.56241464614868,NA
205,42.2931113243103,NA
209,45.57260537147522,NA
213,42.62709593772888,NA
217,41.86081051826477,NA
221,42.266347885131836,NA
225,41.66541147232056,NA
229,34.112881898880005,NA
233,46.98989677429199,NA
237,41.90169024467468,NA
241,47.136621952056885,NA
245,42.813655376434326,NA
249,41.44811153411865,NA
253,42.17799925804138,NA
257,36.49363040924072,NA
261,32.83225774765015,NA
265,38.236501693725586,NA
269,45.84799814224243,NA
273,36.998348236083984,NA
277,24.759816646575928,NA
281,37.96492004394531,NA
285,45.74563980102539,NA
289,40.76279640197754,NA
293,36.921568632125854,NA
297,46.622549295425415,NA
301,34.242462982225085
305,36.22431605479479
309,33.03477669469376
313,30.36160969630547
317,29.07718895988846
321,36.60019705892654
325,34.3253085091323
329,28.235428514123797
333,33.82573569471407
337,29.102095076749748
341,29.027516892938568
345,35.361713459074444
349,31.60233093055146
353,28.697988135215557
357,27.87417004134285
361,31.769130264752743
365,32.88757399780681
369,33.65102404008925
373,28.741200115573147
377,37.22685611466646
381,28.748801327608405
385,29.375214109444496
389,36.56705497075199
393,36.326314370536565
397,31.560366216203725
401,30.654651699747696
405,27.58423415339865
409,28.183349751621016
413,36.9877349366967
417,29.895080612660813
421,33.05492735342959
425,29.834489365898577
429,27.861089223523948
433,34.03321674099157
437,35.22215501331347
441,34.69827614372126
445,31.07472518036164
449,29.77006968487764
453,34.54711261377857
457,27.90197945983488
461,31.33186221994051
465,28.132824597982427
469,28.480873334360798
473,35.00631483223662
477,28.64995151408367
481,33.115040793041224
485,35.379985042617335
489,35.715537552245195
493,33.198812131960516
497,32.43197184282291
501,36.93762892621758
505,30.248677726801326
509,31.919195666744727
513,28.534470018649493
517,31.567698595905362
521,36.88731052539083
525,34.47071196434397
529,33.77543249660969
533,35.78300662828757
537,31.620256990931694
541,34.567543282411876
545,36.5770869238703
549,29.09594453556791
553,30.38668200094621
557,32.860616595696555
561,27.688804001833077
565,37.06525344742738
569,32.86229331164384
573,31.029891655770598
577,36.72580268631998
581,30.20570368073259
585,36.80438519994637
589,33.56890752223054
593,27.791154810542555
597,29.339307926042274
601,29.44307120400827
605,28.793318336658825
609,36.52817198948804
613,37.08986893225423
617,30.683563314761322
621,33.30377251848856
625,29.08191865985481
629,32.80668276817019
633,35.198572729355895
637,31.84750428555794
641,33.3465404985047
645,34.53426970252485
649,30.265855370048772
653,33.14624553542818
657,36.83247435991986
661,32.817758620629675
665,30.3787371760589
669,29.992289697866447
673,34.723308710346124
677,32.43494741860683
681,35.266033423707334
685,32.75133593021887
689,32.59635974226503
693,33.32205317740728
697,35.03832414150691
701,32.98574730720718
705,33.51790376063079
709,31.743105462639804
713,32.11187390194719
717,32.29514756368578
721,36.57678553310225
725,28.41506445710563
729,29.074502829363567
733,29.363552172482308
737,37.098458359870115
741,28.035007879203718
745,31.95482261176511
749,36.20658575144334
753,29.7585318412297
757,29.306283072400376
761,35.39577782596227
765,35.9602232074363
769,28.273274780865986
773,36.77723919752424
777,33.93498063459012
781,29.570968440032622
785,34.61079821469232
789,36.114019858691115
793,32.70255828981773
797,27.529505616015385
