1,4927.104574918747,NA
5,995.2723615169525,NA
9,537.540566444397,NA
13,382.18027210235596,NA
17,304.92659544944763,NA
21,251.2476167678833,NA
25,215.23782348632812,NA
29,186.84778451919556,NA
33,169.66876792907715,NA
37,156.49133682250977,NA
41,149.60044169425964,NA
45,148.83243823051453,NA
49,145.539386510849,NA
53,139.58625197410583,NA
57,132.62442994117737,NA
61,138.20925188064575,NA
65,154.6112961769104,NA
69,120.38430547714233,NA
73,114.866450548172,NA
77,111.19558215141296,NA
81,110.44415044784546,NA
85,111.74958848953247,NA
89,115.19291567802429,NA
93,109.66871070861816,NA
97,117.58741641044617,NA
101,114.46065092086792,NA
105,123.0934145450592,NA
109,119.59305477142334,NA
113,128.86706137657166,NA
117,118.53198409080505,NA
121,130.92547225952148,NA
125,121.27563619613647,NA
129,137.50600957870483,NA
133,127.06363034248352,NA
137,123.34949660301208,NA
141,130.1265790462494,NA
145,133.0631766319275,NA
149,131.8509578704834,NA
153,138.0411982536316,NA
157,130.4407868385315,NA
161,125.0286622047424,NA
165,122.1591238975525,NA
169,110.3049530982971,NA
173,112.0357222557068,NA
177,106.05850625038147,NA
181,106.8472709655762,NA
185,94.71215534210205,NA
189,84.22801542282104,NA
193,81.23196172714233,NA
197,82.7197244167328,NA
201,77.8664445877075,NA
205,76.9370276927948,NA
209,78.8885142803192,NA
213,75.85424542427063,NA
217,63.687034606933594,NA
221,63.92449069023132,NA
225,63.960479974746704,NA
229,64.29834413528442,NA
233,64.56567120552063,NA
237,63.451321601867676,NA
241,65.06879115104675,NA
245,62.61700367927551,NA
249,64.98574352264404,NA
253,64.09352469444275,NA
257,64.74352312088013,NA
261,62.965161085128784,NA
265,64.40839219093323,NA
269,65.84103608131409,NA
273,65.1588716506958,NA
277,65.07032561302185,NA
281,65.51492762565613,NA
285,64.54742288589478,NA
289,64.71476459503174,NA
293,64.10850095748901,NA
297,64.56369638442993,NA
301,72.64261380310569
305,76.17451901781129
309,74.1677202020814
313,73.13134068985458
317,71.4636435561189
321,75.28549372885522
325,77.28019925906284
329,67.69155319287638
333,64.21167552071441
337,64.51069395973357
341,72.16088918324381
345,69.34433796213814
349,77.27064165582907
353,67.77333960926109
357,64.96924130442846
361,77.14108900572661
365,75.13581573346181
369,63.64903854483359
373,65.89883231275456
377,77.00548243872117
381,66.51650297723968
385,69.76857677901394
389,68.05764875271976
393,69.18897684981641
397,75.85048755312023
401,68.5846210178934
405,65.37217442347445
409,63.3390580601809
413,70.43380215060121
417,69.53609080953852
421,77.11400376610301
425,76.22322984898197
429,72.51120706148235
433,69.12170989964159
437,76.57733198153218
441,68.0524013213433
445,70.90584850015318
449,75.45651748055252
453,77.79234445933588
457,77.85691130563929
461,76.79862065535303
465,74.09131943586466
469,68.56473885881636
473,62.154935117147296
477,67.94770081579976
481,64.54537096577161
485,75.41968924375635
489,69.09108334343561
493,73.07069341939983
497,66.03790152059045
501,64.63798692357467
505,74.90839693811988
509,64.60423126653752
513,69.750317878047
517,72.31174125420966
521,74.9804599281778
525,75.92713494623929
529,73.79877928024396
533,77.70150839019959
537,72.84731426780134
541,73.56793806289389
545,62.33729092700803
549,73.30456755506945
553,65.54489495225168
557,70.75333771696248
561,75.89786611860924
565,68.56308303143051
569,77.92601401521586
573,75.94383549538298
577,71.2556390900675
581,64.91104840117688
585,76.22848291696545
589,65.50111754165549
593,67.11199604438694
597,67.45270544346963
601,75.19744499742264
605,68.54006907560434
609,70.41579333159727
613,69.25117344898935
617,64.88035479867739
621,69.16370841516053
625,76.71452080590764
629,75.8229030455254
633,77.36060469346556
637,74.54513114504441
641,75.32739325785994
645,76.4522501370191
649,73.24833280681999
653,76.80156798599617
657,73.79707104981016
661,62.15970919545438
665,72.86718318296303
669,67.01653334187493
673,68.79987575427933
677,64.980345102314
681,77.97550755930352
685,63.66133143096991
689,65.03977189544996
693,73.4624235910269
697,68.21585699491655
701,68.8529269979467
705,77.4546163489357
709,68.33816881593346
713,63.088334798842084
717,64.27331578638093
721,71.02549790417919
725,69.83675510042836
729,66.21719274376332
733,67.07454885786312
737,76.11533524656653
741,70.38312436299474
745,70.26303688896218
749,72.58375976794497
753,72.78033068415387
757,74.68156329977774
761,62.49626416547228
765,76.37927561738496
769,64.4158915282461
773,73.72989520877213
777,64.03771351296133
781,74.13235754258254
785,74.85679991584608
789,67.87941920434177
793,68.63327093014809
797,69.95932719040476
